# Made in Blockbench 4.7.0
mtllib orca.mtl

o fin_left_1
v -0.45968741076884756 0.5687954845528744 0.8088467421403835
v -0.5890969333201079 0.5517583976974085 -0.18259811923342684
v -0.4107400886863283 0.19700366153769555 0.8088467421403835
v -0.5401496112375886 0.17996657468222965 -0.18259811923342684
v -2.063541303036909 0.357644113870518 0.013191169096650524
v -1.9341317804856488 0.3746812007259839 1.004636030470461
v -2.01459398095439 -0.014147709144660903 0.013191169096650524
v -1.8851844584031294 0.0028893777108049967 1.004636030470461
vt 0.40625 0.34375
vt 0.5 0.34375
vt 0.5 0.3203125
vt 0.40625 0.3203125
vt 0.34375 0.34375
vt 0.40625 0.34375
vt 0.40625 0.3203125
vt 0.34375 0.3203125
vt 0.5625 0.34375
vt 0.65625 0.34375
vt 0.65625 0.3203125
vt 0.5625 0.3203125
vt 0.5 0.34375
vt 0.5625 0.34375
vt 0.5625 0.3203125
vt 0.5 0.3203125
vt 0.5 0.34375
vt 0.40625 0.34375
vt 0.40625 0.40625
vt 0.5 0.40625
vt 0.59375 0.40625
vt 0.5 0.40625
vt 0.5 0.34375
vt 0.59375 0.34375
vn -0.1294095225512604 -0.017037086855465854 -0.9914448613738105
vn 0.9829629131445341 0.12940952255126037 -0.13052619222005157
vn 0.1294095225512604 0.017037086855465854 0.9914448613738105
vn -0.9829629131445341 -0.12940952255126037 0.13052619222005157
vn -0.1305261922200516 0.9914448613738105 3.469446951953615e-18
vn 0.1305261922200516 -0.9914448613738105 -3.469446951953615e-18
usemtl m_db084bc5-27bf-632b-9ef2-de6a12afeaa9
f 4/4/1 7/3/1 5/2/1 2/1/1
f 3/8/2 4/7/2 2/6/2 1/5/2
f 8/12/3 3/11/3 1/10/3 6/9/3
f 7/16/4 8/15/4 6/14/4 5/13/4
f 6/20/5 1/19/5 2/18/5 5/17/5
f 7/24/6 4/23/6 3/22/6 8/21/6
o fin_left_2
v -1.9341317804856488 0.3746812007259839 1.004636030470461
v -2.031188922399094 0.3619033855843845 0.26105238444010315
v -1.8851844584031294 0.0028893777108049967 1.004636030470461
v -1.9822416003165746 -0.009888437430794428 0.26105238444010315
v -3.2598925638297613 0.20014148239530893 0.4242101247151676
v -3.162835421916316 0.2129192975369083 1.1677937707455253
v -3.2109452417472424 -0.1716503406198699 0.4242101247151676
v -3.113888099833797 -0.15887252547827052 1.1677937707455253
vt 0.671875 0.73828125
vt 0.75 0.73828125
vt 0.75 0.71484375
vt 0.671875 0.71484375
vt 0.625 0.73828125
vt 0.671875 0.73828125
vt 0.671875 0.71484375
vt 0.625 0.71484375
vt 0.796875 0.73828125
vt 0.875 0.73828125
vt 0.875 0.71484375
vt 0.796875 0.71484375
vt 0.75 0.73828125
vt 0.796875 0.73828125
vt 0.796875 0.71484375
vt 0.75 0.71484375
vt 0.75 0.73828125
vt 0.671875 0.73828125
vt 0.671875 0.78515625
vt 0.75 0.78515625
vt 0.828125 0.78515625
vt 0.75 0.78515625
vt 0.75 0.73828125
vt 0.828125 0.73828125
vn -0.1294095225512604 -0.017037086855465854 -0.9914448613738105
vn 0.9829629131445341 0.12940952255126037 -0.13052619222005157
vn 0.1294095225512604 0.017037086855465854 0.9914448613738105
vn -0.9829629131445341 -0.12940952255126037 0.13052619222005157
vn -0.1305261922200516 0.9914448613738105 3.469446951953615e-18
vn 0.1305261922200516 -0.9914448613738105 -3.469446951953615e-18
usemtl m_db084bc5-27bf-632b-9ef2-de6a12afeaa9
f 12/28/7 15/27/7 13/26/7 10/25/7
f 11/32/8 12/31/8 10/30/8 9/29/8
f 16/36/9 11/35/9 9/34/9 14/33/9
f 15/40/10 16/39/10 14/38/10 13/37/10
f 14/44/11 9/43/11 10/42/11 13/41/11
f 15/48/12 12/47/12 11/46/12 16/45/12
o fin_right_1
v 1.949490576003532 0.3726591769361204 1.0066755022238993
v 2.0789000985547923 0.3556220900806546 0.01523064085008885
v 1.9005432539210125 0.0008673539209415049 1.0066755022238993
v 2.029952776472273 -0.01616973293452434 0.01523064085008885
v 0.5890969333201079 0.5517583976974085 -0.18259811923342684
v 0.45968741076884756 0.5687954845528744 0.8088467421403835
v 0.5401496112375885 0.17996657468222965 -0.18259811923342684
v 0.4107400886863283 0.19700366153769555 0.8088467421403835
vt 0.625 0.3203125
vt 0.71875 0.3203125
vt 0.71875 0.296875
vt 0.625 0.296875
vt 0.5625 0.3203125
vt 0.625 0.3203125
vt 0.625 0.296875
vt 0.5625 0.296875
vt 0.78125 0.3203125
vt 0.875 0.3203125
vt 0.875 0.296875
vt 0.78125 0.296875
vt 0.71875 0.3203125
vt 0.78125 0.3203125
vt 0.78125 0.296875
vt 0.71875 0.296875
vt 0.71875 0.3203125
vt 0.625 0.3203125
vt 0.625 0.3828125
vt 0.71875 0.3828125
vt 0.8125 0.3828125
vt 0.71875 0.3828125
vt 0.71875 0.3203125
vt 0.8125 0.3203125
vn 0.1294095225512604 -0.017037086855465854 -0.9914448613738105
vn 0.9829629131445341 -0.12940952255126037 0.13052619222005157
vn -0.1294095225512604 0.017037086855465854 0.9914448613738105
vn -0.9829629131445341 0.12940952255126037 -0.13052619222005157
vn 0.1305261922200516 0.9914448613738105 3.469446951953615e-18
vn -0.1305261922200516 -0.9914448613738105 -3.469446951953615e-18
usemtl m_db084bc5-27bf-632b-9ef2-de6a12afeaa9
f 20/52/13 23/51/13 21/50/13 18/49/13
f 19/56/14 20/55/14 18/54/14 17/53/14
f 24/60/15 19/59/15 17/58/15 22/57/15
f 23/64/16 24/63/16 22/62/16 21/61/16
f 22/68/17 17/67/17 18/66/17 21/65/17
f 23/72/18 20/71/18 19/70/18 24/69/18
o fin_right_2
v 3.1781942174341995 0.21089727374704492 1.1698332424989637
v 3.275251359347645 0.19811945860544555 0.42624959646860594
v 3.1292468953516805 -0.16089454926813396 1.1698332424989637
v 3.226304037265126 -0.17367236440973333 0.42624959646860594
v 2.031188922399094 0.3619033855843845 0.26105238444010315
v 1.9341317804856488 0.3746812007259839 1.004636030470461
v 1.9822416003165744 -0.009888437430794428 0.26105238444010315
v 1.8851844584031294 0.0028893777108049967 1.004636030470461
vt 0.671875 0.80859375
vt 0.75 0.80859375
vt 0.75 0.78515625
vt 0.671875 0.78515625
vt 0.625 0.80859375
vt 0.671875 0.80859375
vt 0.671875 0.78515625
vt 0.625 0.78515625
vt 0.796875 0.80859375
vt 0.875 0.80859375
vt 0.875 0.78515625
vt 0.796875 0.78515625
vt 0.75 0.80859375
vt 0.796875 0.80859375
vt 0.796875 0.78515625
vt 0.75 0.78515625
vt 0.75 0.80859375
vt 0.671875 0.80859375
vt 0.671875 0.85546875
vt 0.75 0.85546875
vt 0.828125 0.85546875
vt 0.75 0.85546875
vt 0.75 0.80859375
vt 0.828125 0.80859375
vn 0.1294095225512604 -0.017037086855465854 -0.9914448613738105
vn 0.9829629131445341 -0.12940952255126037 0.13052619222005157
vn -0.1294095225512604 0.017037086855465854 0.9914448613738105
vn -0.9829629131445341 0.12940952255126037 -0.13052619222005157
vn 0.1305261922200516 0.9914448613738105 3.469446951953615e-18
vn -0.1305261922200516 -0.9914448613738105 -3.469446951953615e-18
usemtl m_db084bc5-27bf-632b-9ef2-de6a12afeaa9
f 28/76/19 31/75/19 29/74/19 26/73/19
f 27/80/20 28/79/20 26/78/20 25/77/20
f 32/84/21 27/83/21 25/82/21 30/81/21
f 31/88/22 32/87/22 30/86/22 29/85/22
f 30/92/23 25/91/23 26/90/23 29/89/23
f 31/96/24 28/95/24 27/94/24 32/93/24
o top_teath_front
v 0.625 1.3125 -2.875
v 0.625 1.3125 -2.875
v 0.625 1.0625 -2.875
v 0.625 1.0625 -2.875
v -0.625 1.3125 -2.875
v -0.625 1.3125 -2.875
v -0.625 1.0625 -2.875
v -0.625 1.0625 -2.875
vt 0 1
vt 0.078125 1
vt 0.078125 0.984375
vt 0 0.984375
vt 0 1
vt 0 1
vt 0 0.984375
vt 0 0.984375
vt 0.078125 1
vt 0.15625 1
vt 0.15625 0.984375
vt 0.078125 0.984375
vt 0.078125 1
vt 0.078125 1
vt 0.078125 0.984375
vt 0.078125 0.984375
vt 0.078125 1
vt 0 1
vt 0 1
vt 0.078125 1
vt 0.15625 1
vt 0.078125 1
vt 0.078125 1
vt 0.15625 1
vn 0 0 -1
vn 1 0 0
vn 0 0 1
vn -1 0 0
vn 0 1 0
vn 0 -1 0
usemtl m_db084bc5-27bf-632b-9ef2-de6a12afeaa9
f 36/100/25 39/99/25 37/98/25 34/97/25
f 35/104/26 36/103/26 34/102/26 33/101/26
f 40/108/27 35/107/27 33/106/27 38/105/27
f 39/112/28 40/111/28 38/110/28 37/109/28
f 38/116/29 33/115/29 34/114/29 37/113/29
f 39/120/30 36/119/30 35/118/30 40/117/30
o top_teath_right
v 0.625 1.257594951797919 -1.6919710440569395
v 0.625 1.3066667625839221 -2.81590029333653
v 0.625 1.0078328964024545 -1.7028758908982735
v 0.625 1.0569047071884576 -2.8268051401778638
v 0.625 1.3066667625839221 -2.81590029333653
v 0.625 1.257594951797919 -1.6919710440569395
v 0.625 1.0569047071884576 -2.8268051401778638
v 0.625 1.0078328964024545 -1.7028758908982735
vt 0.0703125 0.9140625
vt 0.0703125 0.9140625
vt 0.0703125 0.8984375
vt 0.0703125 0.8984375
vt 0 0.9140625
vt 0.0703125 0.9140625
vt 0.0703125 0.8984375
vt 0 0.8984375
vt 0.140625 0.9140625
vt 0.140625 0.9140625
vt 0.140625 0.8984375
vt 0.140625 0.8984375
vt 0.0703125 0.9140625
vt 0.140625 0.9140625
vt 0.140625 0.8984375
vt 0.0703125 0.8984375
vt 0.0703125 0.9140625
vt 0.0703125 0.9140625
vt 0.0703125 0.984375
vt 0.0703125 0.984375
vt 0.0703125 0.984375
vt 0.0703125 0.984375
vt 0.0703125 0.9140625
vt 0.0703125 0.9140625
vn 0 0.043619387365336 -0.9990482215818578
vn 1 0 0
vn 0 -0.043619387365336 0.9990482215818578
vn -1 0 0
vn 0 0.9990482215818578 0.043619387365336
vn 0 -0.9990482215818578 -0.043619387365336
usemtl m_db084bc5-27bf-632b-9ef2-de6a12afeaa9
f 44/124/31 47/123/31 45/122/31 42/121/31
f 43/128/32 44/127/32 42/126/32 41/125/32
f 48/132/33 43/131/33 41/130/33 46/129/33
f 47/136/34 48/135/34 46/134/34 45/133/34
f 46/140/35 41/139/35 42/138/35 45/137/35
f 47/144/36 44/143/36 43/142/36 48/141/36
o top_teath_left
v -0.625 1.257594951797919 -1.6919710440569395
v -0.625 1.3066667625839221 -2.81590029333653
v -0.625 1.0078328964024545 -1.7028758908982735
v -0.625 1.0569047071884576 -2.8268051401778638
v -0.625 1.3066667625839221 -2.81590029333653
v -0.625 1.257594951797919 -1.6919710440569395
v -0.625 1.0569047071884576 -2.8268051401778638
v -0.625 1.0078328964024545 -1.7028758908982735
vt 0.0703125 0.9296875
vt 0.0703125 0.9296875
vt 0.0703125 0.9140625
vt 0.0703125 0.9140625
vt 0 0.9296875
vt 0.0703125 0.9296875
vt 0.0703125 0.9140625
vt 0 0.9140625
vt 0.140625 0.9296875
vt 0.140625 0.9296875
vt 0.140625 0.9140625
vt 0.140625 0.9140625
vt 0.0703125 0.9296875
vt 0.140625 0.9296875
vt 0.140625 0.9140625
vt 0.0703125 0.9140625
vt 0.0703125 0.9296875
vt 0.0703125 0.9296875
vt 0.0703125 1
vt 0.0703125 1
vt 0.0703125 1
vt 0.0703125 1
vt 0.0703125 0.9296875
vt 0.0703125 0.9296875
vn 0 0.043619387365336 -0.9990482215818578
vn 1 0 0
vn 0 -0.043619387365336 0.9990482215818578
vn -1 0 0
vn 0 0.9990482215818578 0.043619387365336
vn 0 -0.9990482215818578 -0.043619387365336
usemtl m_db084bc5-27bf-632b-9ef2-de6a12afeaa9
f 52/148/37 55/147/37 53/146/37 50/145/37
f 51/152/38 52/151/38 50/150/38 49/149/38
f 56/156/39 51/155/39 49/154/39 54/153/39
f 55/160/40 56/159/40 54/158/40 53/157/40
f 54/164/41 49/163/41 50/162/41 53/161/41
f 55/168/42 52/167/42 51/166/42 56/165/42
o head_top
v 0.75 1.8001324102645877 -1.3600358352391182
v 0.75 1.8682877030229248 -2.9210486814607712
v 0.75 1.0508462440781943 -1.39275037576312
v 0.75 1.1190015368365318 -2.953763221984773
v -0.75 1.8682877030229248 -2.9210486814607712
v -0.75 1.8001324102645877 -1.3600358352391182
v -0.75 1.1190015368365318 -2.953763221984773
v -0.75 1.0508462440781943 -1.39275037576312
vt 0.53515625 0.90234375
vt 0.62890625 0.90234375
vt 0.62890625 0.85546875
vt 0.53515625 0.85546875
vt 0.4375 0.90234375
vt 0.53515625 0.90234375
vt 0.53515625 0.85546875
vt 0.4375 0.85546875
vt 0.7265625 0.90234375
vt 0.8203125 0.90234375
vt 0.8203125 0.85546875
vt 0.7265625 0.85546875
vt 0.62890625 0.90234375
vt 0.7265625 0.90234375
vt 0.7265625 0.85546875
vt 0.62890625 0.85546875
vt 0.62890625 0.90234375
vt 0.53515625 0.90234375
vt 0.53515625 1
vt 0.62890625 1
vt 0.72265625 1
vt 0.62890625 1
vt 0.62890625 0.90234375
vt 0.72265625 0.90234375
vn 0 0.043619387365336 -0.9990482215818578
vn 1 0 0
vn 0 -0.043619387365336 0.9990482215818578
vn -1 0 0
vn 0 0.9990482215818578 0.043619387365336
vn 0 -0.9990482215818578 -0.043619387365336
usemtl m_db084bc5-27bf-632b-9ef2-de6a12afeaa9
f 60/172/43 63/171/43 61/170/43 58/169/43
f 59/176/44 60/175/44 58/174/44 57/173/44
f 64/180/45 59/179/45 57/178/45 62/177/45
f 63/184/46 64/183/46 62/182/46 61/181/46
f 62/188/47 57/187/47 58/186/47 61/185/47
f 63/192/48 60/191/48 59/190/48 64/189/48
o bottom_teath_right
v 0.625 0.9803928346413788 -1.669616108032205
v 0.625 0.931321023855376 -2.793545357311795
v 0.625 0.7306307792459146 -1.658711261190871
v 0.625 0.6815589684599115 -2.782640510470461
v 0.625 0.931321023855376 -2.793545357311795
v 0.625 0.9803928346413788 -1.669616108032205
v 0.625 0.6815589684599115 -2.782640510470461
v 0.625 0.7306307792459146 -1.658711261190871
vt 0.0703125 0.8828125
vt 0.0703125 0.8828125
vt 0.0703125 0.8671875
vt 0.0703125 0.8671875
vt 0 0.8828125
vt 0.0703125 0.8828125
vt 0.0703125 0.8671875
vt 0 0.8671875
vt 0.140625 0.8828125
vt 0.140625 0.8828125
vt 0.140625 0.8671875
vt 0.140625 0.8671875
vt 0.0703125 0.8828125
vt 0.140625 0.8828125
vt 0.140625 0.8671875
vt 0.0703125 0.8671875
vt 0.0703125 0.8828125
vt 0.0703125 0.8828125
vt 0.0703125 0.953125
vt 0.0703125 0.953125
vt 0.0703125 0.953125
vt 0.0703125 0.953125
vt 0.0703125 0.8828125
vt 0.0703125 0.8828125
vn 0 -0.043619387365336 -0.9990482215818578
vn 1 0 0
vn 0 0.043619387365336 0.9990482215818578
vn -1 0 0
vn 0 0.9990482215818578 -0.043619387365336
vn 0 -0.9990482215818578 0.043619387365336
usemtl m_db084bc5-27bf-632b-9ef2-de6a12afeaa9
f 68/196/49 71/195/49 69/194/49 66/193/49
f 67/200/50 68/199/50 66/198/50 65/197/50
f 72/204/51 67/203/51 65/202/51 70/201/51
f 71/208/52 72/207/52 70/206/52 69/205/52
f 70/212/53 65/211/53 66/210/53 69/209/53
f 71/216/54 68/215/54 67/214/54 72/213/54
o bottom_teath_left
v -0.625 0.9803928346413788 -1.669616108032205
v -0.625 0.931321023855376 -2.793545357311795
v -0.625 0.7306307792459146 -1.658711261190871
v -0.625 0.6815589684599115 -2.782640510470461
v -0.625 0.931321023855376 -2.793545357311795
v -0.625 0.9803928346413788 -1.669616108032205
v -0.625 0.6815589684599115 -2.782640510470461
v -0.625 0.7306307792459146 -1.658711261190871
vt 0.0703125 0.8984375
vt 0.0703125 0.8984375
vt 0.0703125 0.8828125
vt 0.0703125 0.8828125
vt 0 0.8984375
vt 0.0703125 0.8984375
vt 0.0703125 0.8828125
vt 0 0.8828125
vt 0.140625 0.8984375
vt 0.140625 0.8984375
vt 0.140625 0.8828125
vt 0.140625 0.8828125
vt 0.0703125 0.8984375
vt 0.140625 0.8984375
vt 0.140625 0.8828125
vt 0.0703125 0.8828125
vt 0.0703125 0.8984375
vt 0.0703125 0.8984375
vt 0.0703125 0.96875
vt 0.0703125 0.96875
vt 0.0703125 0.96875
vt 0.0703125 0.96875
vt 0.0703125 0.8984375
vt 0.0703125 0.8984375
vn 0 -0.043619387365336 -0.9990482215818578
vn 1 0 0
vn 0 0.043619387365336 0.9990482215818578
vn -1 0 0
vn 0 0.9990482215818578 -0.043619387365336
vn 0 -0.9990482215818578 0.043619387365336
usemtl m_db084bc5-27bf-632b-9ef2-de6a12afeaa9
f 76/220/55 79/219/55 77/218/55 74/217/55
f 75/224/56 76/223/56 74/222/56 73/221/56
f 80/228/57 75/227/57 73/226/57 78/225/57
f 79/232/58 80/231/58 78/230/58 77/229/58
f 78/236/59 73/235/59 74/234/59 77/233/59
f 79/240/60 76/239/60 75/238/60 80/237/60
o bottom_teath_front
v 0.625 0.9375 -2.875
v 0.625 0.9375 -2.875
v 0.625 0.6875 -2.875
v 0.625 0.6875 -2.875
v -0.625 0.9375 -2.875
v -0.625 0.9375 -2.875
v -0.625 0.6875 -2.875
v -0.625 0.6875 -2.875
vt 0 0.984375
vt 0.078125 0.984375
vt 0.078125 0.96875
vt 0 0.96875
vt 0 0.984375
vt 0 0.984375
vt 0 0.96875
vt 0 0.96875
vt 0.078125 0.984375
vt 0.15625 0.984375
vt 0.15625 0.96875
vt 0.078125 0.96875
vt 0.078125 0.984375
vt 0.078125 0.984375
vt 0.078125 0.96875
vt 0.078125 0.96875
vt 0.078125 0.984375
vt 0 0.984375
vt 0 0.984375
vt 0.078125 0.984375
vt 0.15625 0.984375
vt 0.078125 0.984375
vt 0.078125 0.984375
vt 0.15625 0.984375
vn 0 0 -1
vn 1 0 0
vn 0 0 1
vn -1 0 0
vn 0 1 0
vn 0 -1 0
usemtl m_db084bc5-27bf-632b-9ef2-de6a12afeaa9
f 84/244/61 87/243/61 85/242/61 82/241/61
f 83/248/62 84/247/62 82/246/62 81/245/62
f 88/252/63 83/251/63 81/250/63 86/249/63
f 87/256/64 88/255/64 86/254/64 85/253/64
f 86/260/65 81/259/65 82/258/65 85/257/65
f 87/264/66 84/263/66 83/262/66 88/261/66
o head_bottom_1
v 0.6875 0.9472501990855213 -1.4799891504937923
v 0.6875 0.8818211180375173 -2.9785614828665787
v 0.6875 0.1979640328991279 -1.4472746099697902
v 0.6875 0.13253495185112396 -2.945846942342577
v -0.6875 0.8818211180375173 -2.9785614828665787
v -0.6875 0.9472501990855213 -1.4799891504937923
v -0.6875 0.13253495185112396 -2.945846942342577
v -0.6875 0.1979640328991279 -1.4472746099697902
vt 0.65625 0.5078125
vt 0.7421875 0.5078125
vt 0.7421875 0.4609375
vt 0.65625 0.4609375
vt 0.5625 0.5078125
vt 0.65625 0.5078125
vt 0.65625 0.4609375
vt 0.5625 0.4609375
vt 0.8359375 0.5078125
vt 0.921875 0.5078125
vt 0.921875 0.4609375
vt 0.8359375 0.4609375
vt 0.7421875 0.5078125
vt 0.8359375 0.5078125
vt 0.8359375 0.4609375
vt 0.7421875 0.4609375
vt 0.7421875 0.5078125
vt 0.65625 0.5078125
vt 0.65625 0.6015625
vt 0.7421875 0.6015625
vt 0.828125 0.6015625
vt 0.7421875 0.6015625
vt 0.7421875 0.5078125
vt 0.828125 0.5078125
vn 0 -0.043619387365336 -0.9990482215818578
vn 1 0 0
vn 0 0.043619387365336 0.9990482215818578
vn -1 0 0
vn 0 0.9990482215818578 -0.043619387365336
vn 0 -0.9990482215818578 0.043619387365336
usemtl m_db084bc5-27bf-632b-9ef2-de6a12afeaa9
f 92/268/67 95/267/67 93/266/67 90/265/67
f 91/272/68 92/271/68 90/270/68 89/269/68
f 96/276/69 91/275/69 89/274/69 94/273/69
f 95/280/70 96/279/70 94/278/70 93/277/70
f 94/284/71 89/283/71 90/282/71 93/281/71
f 95/288/72 92/287/72 91/286/72 96/285/72
o head_bottom_2
v 0.6868750000000001 1.5 -1.5
v 0.6868750000000001 1.5 -1.625
v 0.6868750000000001 0.5 -1.5
v 0.6868750000000001 0.5 -1.625
v 0.6868750000000001 1.5 -1.625
v 0.6868750000000001 1.5 -1.5
v 0.6868750000000001 0.5 -1.625
v 0.6868750000000001 0.5 -1.5
vt 0.1484375 0.90625
vt 0.1484375 0.90625
vt 0.1484375 0.84375
vt 0.1484375 0.84375
vt 0.140625 0.90625
vt 0.1484375 0.90625
vt 0.1484375 0.84375
vt 0.140625 0.84375
vt 0.15625 0.90625
vt 0.15625 0.90625
vt 0.15625 0.84375
vt 0.15625 0.84375
vt 0.1484375 0.90625
vt 0.15625 0.90625
vt 0.15625 0.84375
vt 0.1484375 0.84375
vt 0.1484375 0.90625
vt 0.1484375 0.90625
vt 0.1484375 0.9140625
vt 0.1484375 0.9140625
vt 0.1484375 0.9140625
vt 0.1484375 0.9140625
vt 0.1484375 0.90625
vt 0.1484375 0.90625
vn 0 0 -1
vn 1 0 0
vn 0 0 1
vn -1 0 0
vn 0 1 0
vn 0 -1 0
usemtl m_db084bc5-27bf-632b-9ef2-de6a12afeaa9
f 100/292/73 103/291/73 101/290/73 98/289/73
f 99/296/74 100/295/74 98/294/74 97/293/74
f 104/300/75 99/299/75 97/298/75 102/297/75
f 103/304/76 104/303/76 102/302/76 101/301/76
f 102/308/77 97/307/77 98/306/77 101/305/77
f 103/312/78 100/311/78 99/310/78 104/309/78
o head_bottom_3
v -0.686875 1.5 -1.5
v -0.686875 1.5 -1.625
v -0.686875 0.5 -1.5
v -0.686875 0.5 -1.625
v -0.686875 1.5 -1.625
v -0.686875 1.5 -1.5
v -0.686875 0.5 -1.625
v -0.686875 0.5 -1.5
vt 0.1484375 0.96875
vt 0.1484375 0.96875
vt 0.1484375 0.90625
vt 0.1484375 0.90625
vt 0.140625 0.96875
vt 0.1484375 0.96875
vt 0.1484375 0.90625
vt 0.140625 0.90625
vt 0.15625 0.96875
vt 0.15625 0.96875
vt 0.15625 0.90625
vt 0.15625 0.90625
vt 0.1484375 0.96875
vt 0.15625 0.96875
vt 0.15625 0.90625
vt 0.1484375 0.90625
vt 0.1484375 0.96875
vt 0.1484375 0.96875
vt 0.1484375 0.9765625
vt 0.1484375 0.9765625
vt 0.1484375 0.9765625
vt 0.1484375 0.9765625
vt 0.1484375 0.96875
vt 0.1484375 0.96875
vn 0 0 -1
vn 1 0 0
vn 0 0 1
vn -1 0 0
vn 0 1 0
vn 0 -1 0
usemtl m_db084bc5-27bf-632b-9ef2-de6a12afeaa9
f 108/316/79 111/315/79 109/314/79 106/313/79
f 107/320/80 108/319/80 106/318/80 105/317/80
f 112/324/81 107/323/81 105/322/81 110/321/81
f 111/328/82 112/327/82 110/326/82 109/325/82
f 110/332/83 105/331/83 106/330/83 109/329/83
f 111/336/84 108/335/84 107/334/84 112/333/84
o neck
v 0.875 1.875 -0.5
v 0.875 1.875 -1.5
v 0.875 0.125 -0.5
v 0.875 0.125 -1.5
v -0.875 1.875 -1.5
v -0.875 1.875 -0.5
v -0.875 0.125 -1.5
v -0.875 0.125 -0.5
vt 0.0625 0.3984375
vt 0.171875 0.3984375
vt 0.171875 0.2890625
vt 0.0625 0.2890625
vt 0 0.3984375
vt 0.0625 0.3984375
vt 0.0625 0.2890625
vt 0 0.2890625
vt 0.234375 0.3984375
vt 0.34375 0.3984375
vt 0.34375 0.2890625
vt 0.234375 0.2890625
vt 0.171875 0.3984375
vt 0.234375 0.3984375
vt 0.234375 0.2890625
vt 0.171875 0.2890625
vt 0.171875 0.3984375
vt 0.0625 0.3984375
vt 0.0625 0.4609375
vt 0.171875 0.4609375
vt 0.28125 0.4609375
vt 0.171875 0.4609375
vt 0.171875 0.3984375
vt 0.28125 0.3984375
vn 0 0 -1
vn 1 0 0
vn 0 0 1
vn -1 0 0
vn 0 1 0
vn 0 -1 0
usemtl m_db084bc5-27bf-632b-9ef2-de6a12afeaa9
f 116/340/85 119/339/85 117/338/85 114/337/85
f 115/344/86 116/343/86 114/342/86 113/341/86
f 120/348/87 115/347/87 113/346/87 118/345/87
f 119/352/88 120/351/88 118/350/88 117/349/88
f 118/356/89 113/355/89 114/354/89 117/353/89
f 119/360/90 116/359/90 115/358/90 120/357/90
o tail_1
v 0.6875 1.6875 4.75
v 0.6875 1.6875 2.5
v 0.6875 0.3125 4.75
v 0.6875 0.3125 2.5
v -0.6875 1.6875 2.5
v -0.6875 1.6875 4.75
v -0.6875 0.3125 2.5
v -0.6875 0.3125 4.75
vt 0.140625 0.546875
vt 0.2265625 0.546875
vt 0.2265625 0.4609375
vt 0.140625 0.4609375
vt 0 0.546875
vt 0.140625 0.546875
vt 0.140625 0.4609375
vt 0 0.4609375
vt 0.3671875 0.546875
vt 0.453125 0.546875
vt 0.453125 0.4609375
vt 0.3671875 0.4609375
vt 0.2265625 0.546875
vt 0.3671875 0.546875
vt 0.3671875 0.4609375
vt 0.2265625 0.4609375
vt 0.2265625 0.546875
vt 0.140625 0.546875
vt 0.140625 0.6875
vt 0.2265625 0.6875
vt 0.3125 0.6875
vt 0.2265625 0.6875
vt 0.2265625 0.546875
vt 0.3125 0.546875
vn 0 0 -1
vn 1 0 0
vn 0 0 1
vn -1 0 0
vn 0 1 0
vn 0 -1 0
usemtl m_db084bc5-27bf-632b-9ef2-de6a12afeaa9
f 124/364/91 127/363/91 125/362/91 122/361/91
f 123/368/92 124/367/92 122/366/92 121/365/92
f 128/372/93 123/371/93 121/370/93 126/369/93
f 127/376/94 128/375/94 126/374/94 125/373/94
f 126/380/95 121/379/95 122/378/95 125/377/95
f 127/384/96 124/383/96 123/382/96 128/381/96
o tail_fin
v 1.6875 1.1875 7.75
v 1.6875 1.1875 6.75
v 1.6875 0.8125 7.75
v 1.6875 0.8125 6.75
v -1.8125 1.1875 6.75
v -1.8125 1.1875 7.75
v -1.8125 0.8125 6.75
v -1.8125 0.8125 7.75
vt 0.375 0.625
vt 0.59375 0.625
vt 0.59375 0.6015625
vt 0.375 0.6015625
vt 0.3125 0.625
vt 0.375 0.625
vt 0.375 0.6015625
vt 0.3125 0.6015625
vt 0.65625 0.625
vt 0.875 0.625
vt 0.875 0.6015625
vt 0.65625 0.6015625
vt 0.59375 0.625
vt 0.65625 0.625
vt 0.65625 0.6015625
vt 0.59375 0.6015625
vt 0.59375 0.625
vt 0.375 0.625
vt 0.375 0.6875
vt 0.59375 0.6875
vt 0.8125 0.6875
vt 0.59375 0.6875
vt 0.59375 0.625
vt 0.8125 0.625
vn 0 0 -1
vn 1 0 0
vn 0 0 1
vn -1 0 0
vn 0 1 0
vn 0 -1 0
usemtl m_db084bc5-27bf-632b-9ef2-de6a12afeaa9
f 132/388/97 135/387/97 133/386/97 130/385/97
f 131/392/98 132/391/98 130/390/98 129/389/98
f 136/396/99 131/395/99 129/394/99 134/393/99
f 135/400/100 136/399/100 134/398/100 133/397/100
f 134/404/101 129/403/101 130/402/101 133/401/101
f 135/408/102 132/407/102 131/406/102 136/405/102
o tail_2
v 0.4375 1.4375 6.75
v 0.4375 1.4375 4.75
v 0.4375 0.5625 6.75
v 0.4375 0.5625 4.75
v -0.4375 1.4375 4.75
v -0.4375 1.4375 6.75
v -0.4375 0.5625 4.75
v -0.4375 0.5625 6.75
vt 0.453125 0.4609375
vt 0.5078125 0.4609375
vt 0.5078125 0.40625
vt 0.453125 0.40625
vt 0.328125 0.4609375
vt 0.453125 0.4609375
vt 0.453125 0.40625
vt 0.328125 0.40625
vt 0.6328125 0.4609375
vt 0.6875 0.4609375
vt 0.6875 0.40625
vt 0.6328125 0.40625
vt 0.5078125 0.4609375
vt 0.6328125 0.4609375
vt 0.6328125 0.40625
vt 0.5078125 0.40625
vt 0.5078125 0.4609375
vt 0.453125 0.4609375
vt 0.453125 0.5859375
vt 0.5078125 0.5859375
vt 0.5625 0.5859375
vt 0.5078125 0.5859375
vt 0.5078125 0.4609375
vt 0.5625 0.4609375
vn 0 0 -1
vn 1 0 0
vn 0 0 1
vn -1 0 0
vn 0 1 0
vn 0 -1 0
usemtl m_db084bc5-27bf-632b-9ef2-de6a12afeaa9
f 140/412/103 143/411/103 141/410/103 138/409/103
f 139/416/104 140/415/104 138/414/104 137/413/104
f 144/420/105 139/419/105 137/418/105 142/417/105
f 143/424/106 144/423/106 142/422/106 141/421/106
f 142/428/107 137/427/107 138/426/107 141/425/107
f 143/432/108 140/431/108 139/430/108 144/429/108
o fin_top_1
v 0.125 2.482692325919518 1.118168732714492
v 0.125 2.660630419427501 0.4540947271407575
v 0.125 1.4563961354873831 0.8431734972930636
v 0.125 1.6343342289953662 0.17909949171932915
v -0.125 2.660630419427501 0.4540947271407575
v -0.125 2.482692325919518 1.118168732714492
v -0.125 1.6343342289953662 0.17909949171932915
v -0.125 1.4563961354873831 0.8431734972930636
vt 0.04296875 0.64453125
vt 0.05859375 0.64453125
vt 0.05859375 0.578125
vt 0.04296875 0.578125
vt 0 0.64453125
vt 0.04296875 0.64453125
vt 0.04296875 0.578125
vt 0 0.578125
vt 0.1015625 0.64453125
vt 0.1171875 0.64453125
vt 0.1171875 0.578125
vt 0.1015625 0.578125
vt 0.05859375 0.64453125
vt 0.1015625 0.64453125
vt 0.1015625 0.578125
vt 0.05859375 0.578125
vt 0.05859375 0.64453125
vt 0.04296875 0.64453125
vt 0.04296875 0.6875
vt 0.05859375 0.6875
vt 0.07421875 0.6875
vt 0.05859375 0.6875
vt 0.05859375 0.64453125
vt 0.07421875 0.64453125
vn 0 0.25881904510252074 -0.9659258262890683
vn 1 0 0
vn 0 -0.25881904510252074 0.9659258262890683
vn -1 0 0
vn 0 0.9659258262890683 0.25881904510252074
vn 0 -0.9659258262890683 -0.25881904510252074
usemtl m_db084bc5-27bf-632b-9ef2-de6a12afeaa9
f 148/436/109 151/435/109 149/434/109 146/433/109
f 147/440/110 148/439/110 146/438/110 145/437/110
f 152/444/111 147/443/111 145/442/111 150/441/111
f 151/448/112 152/447/112 150/446/112 149/445/112
f 150/452/113 145/451/113 146/450/113 149/449/113
f 151/456/114 148/455/114 147/454/114 152/453/114
o body
v 1 2 2.5
v 1 2 -0.5
v 1 0 2.5
v 1 0 -0.5
v -1 2 -0.5
v -1 2 2.5
v -1 0 -0.5
v -1 0 2.5
vt 0.1875 0.8125
vt 0.3125 0.8125
vt 0.3125 0.6875
vt 0.1875 0.6875
vt 0 0.8125
vt 0.1875 0.8125
vt 0.1875 0.6875
vt 0 0.6875
vt 0.5 0.8125
vt 0.625 0.8125
vt 0.625 0.6875
vt 0.5 0.6875
vt 0.3125 0.8125
vt 0.5 0.8125
vt 0.5 0.6875
vt 0.3125 0.6875
vt 0.3125 0.8125
vt 0.1875 0.8125
vt 0.1875 1
vt 0.3125 1
vt 0.4375 1
vt 0.3125 1
vt 0.3125 0.8125
vt 0.4375 0.8125
vn 0 0 -1
vn 1 0 0
vn 0 0 1
vn -1 0 0
vn 0 1 0
vn 0 -1 0
usemtl m_db084bc5-27bf-632b-9ef2-de6a12afeaa9
f 156/460/115 159/459/115 157/458/115 154/457/115
f 155/464/116 156/463/116 154/462/116 153/461/116
f 160/468/117 155/467/117 153/466/117 158/465/117
f 159/472/118 160/471/118 158/470/118 157/469/118
f 158/476/119 153/475/119 154/474/119 157/473/119
f 159/480/120 156/479/120 155/478/120 160/477/120
o fin_top_1
v 0.125 3.146766331493253 1.2961068262224749
v 0.125 3.2923520443634207 0.7527735489348739
v 0.125 2.482692325919518 1.118168732714492
v 0.125 2.628278038789686 0.5748354554268911
v -0.125 3.2923520443634207 0.7527735489348739
v -0.125 3.146766331493253 1.2961068262224749
v -0.125 2.628278038789686 0.5748354554268911
v -0.125 2.482692325919518 1.118168732714492
vt 0.34375 0.28515625
vt 0.359375 0.28515625
vt 0.359375 0.2421875
vt 0.34375 0.2421875
vt 0.30859375 0.28515625
vt 0.34375 0.28515625
vt 0.34375 0.2421875
vt 0.30859375 0.2421875
vt 0.39453125 0.28515625
vt 0.41015625 0.28515625
vt 0.41015625 0.2421875
vt 0.39453125 0.2421875
vt 0.359375 0.28515625
vt 0.39453125 0.28515625
vt 0.39453125 0.2421875
vt 0.359375 0.2421875
vt 0.359375 0.28515625
vt 0.34375 0.28515625
vt 0.34375 0.3203125
vt 0.359375 0.3203125
vt 0.375 0.3203125
vt 0.359375 0.3203125
vt 0.359375 0.28515625
vt 0.375 0.28515625
vn 0 0.25881904510252074 -0.9659258262890683
vn 1 0 0
vn 0 -0.25881904510252074 0.9659258262890683
vn -1 0 0
vn 0 0.9659258262890683 0.25881904510252074
vn 0 -0.9659258262890683 -0.25881904510252074
usemtl m_db084bc5-27bf-632b-9ef2-de6a12afeaa9
f 164/484/121 167/483/121 165/482/121 162/481/121
f 163/488/122 164/487/122 162/486/122 161/485/122
f 168/492/123 163/491/123 161/490/123 166/489/123
f 167/496/124 168/495/124 166/494/124 165/493/124
f 166/500/125 161/499/125 162/498/125 165/497/125
f 167/504/126 164/503/126 163/502/126 168/501/126